3.3  0.9320 -2.523  0.7758 1.2 0.033 !WLM: alpha '; DMpc, logSFR, disttosp, MHI/L, errorDist
1.9  0.6600 -0.343  0.2527 0.86 0.07 !IC 10
5.4  0.7220 -2.486  0.4163 0.81 0.01 !IC 1613
0.82 0.6900 -3.523  0.6900 1.6  0.1 !Leo A
1.24 1.3600 -3.087  1.3600 0.96 0.07 !Sextans B
3.1  1.3300 -1.645  1.1720 3.8 0.08 !NGC 3109
1.5  1.3200 -2.775  1.3300 1.1 0.04 !Sextans A
0.24 2.1000 -2.901  2.1000 1.0 0.34 !GR 8
0.72 1.0400 -4.017  1.0400 0.86 0.1 !Sag DIG
2.4  0.5000 -1.204  0.5000 1.2 0.15 !NGC 6822
