1.57 3.05 -1.817398e+00 -17.25  0.21  1.30036 0.24 ! e274 alpha in ';D in Mpc;logSFR; Mb;
-10 -10 -10 -10 -10 -10 -10 !0.52 6.40 -1.908312e+00 -16.04 2.28 3.01 0.51 ! e223 
0.81 3.73 -2.726734e+00  -14.92  1.18 0.12396 0.43 ! e324 ...MHI/L; disttosp; errordist
1.35 3.40 -2.604054e+00  -13.83  1.30 0.34925 0.39 ! e325
0.33 4.61 -3.078427e+00  -13.65  2.18 0.20117 0.46 ! e444
0.62 5.45 -2.462274e+00  -14.89  1.59 1.39866 0.44 ! e381
0.64 3.45 -2.077984e+00  -17.07  0.07 0.3347 0.27 ! e383
0.33 5.78 -3.381366e+00  -12.94  1.48 1.70031 0.46 ! cen6
0.33 4.41 -2.668239e+00  -14.03  0.56 0.111321 0.44 ! i4316
0.23 3.40 -2.334374e+00  -14.74  0.17 0.294166 0.27 ! n5237
0.49 4.53 -2.227147e+00  -16.03  0.16 0.098919 0.45 ! n5264
0.59 4.81 -1.053879e+00  -16.15  0.80 1.08189 0.48 ! n5408
0.57 4.00 -1.31e+00      -17.45  0.14 0.490123 0.29 ! n5253
-1   -1    -1             -1     1.13 0.825     0.3 ! eso321-g14 bouchard etal 2009
-1   -1    -1             -1     2.74 0.261     0.5 ! am1321-304 "
